-10 -10 1 1 0 0 1 0 0 0
-10 -9 1 0 1 1 0 1 0 1
-10 -8 1 0 1 0 0 1 0 0
-10 -7 1 0 0 1 0 1 0 1
-10 -6 1 0 0 0 1 0 0 0
-10 -5 0 1 1 1 1 1 1 1
-10 -4 0 1 1 1 0 1 0 0
-10 -3 0 1 1 0 1 1 0 1 
-10 -2 0 1 1 0 1 0 0 0 
-10 -1 0 1 1 0 0 1 0 1
-10 0 0 1 1 0 0 1 0 0
-10 1 0 1 1 0 0 1 0 1
-10 2 0 1 1 0 1 0 0 0
-10 3 0 1 1 0 1 1 0 1 
-10 4 0 1 1 1 0 1 0 0 
-10 5 0 1 1 1 1 1 0 1
-10 6 1 0 0 0 1 0 0 0 
-10 7 1 0 0 1 0 1 0 1
-10 8 1 0 1 0 0 1 0 0
-10 9 1 0 1 1 0 1 0 1 
-10 10 1 1 0 0 1 0 0 0
-9 -10 181
-9 -9 162
-9 -8 145
-9 -7 130
-9 -6 117
-9 -5 106
-9 -4 97
-9 -3 90
-9 -2 85
-9 -1 82
-9 0 81
-9 1 82
-9 2 85
-9 3 90
-9 4 97
-9 5 106
-9 6 117
-9 7 130
-9 8 145
-9 9 162
-9 10 181
-5 -5 50
-5 -4 41
-5 -3 34
-5 -2 29
-5 -1 26
-5 0 25
-5 1 26
-5 2 29
-5 3 34
-5 4 41
-5 5 50
3 -3 18
3 -2 13
3 -1 10
3 0 9
3 1 10
3 2 13
3 3 18
2 2 8
2 -1 5
2 0 4
0 0 0
1 0 1
0 1 1 
-1 0 1
0 -1 1
0.5 0.5 0.5
0.5 0.4 0.41
0.7 0.9 1.3
-0.5 -0.6 0.61
-0.5 0.6 0.61
0.6 -0.7 0.85
0.6 0.7 0.85
-3 -3 18
-3 -2 13
-3 -1 10
-3 4 25
-3 -2 13